version https://git-lfs.github.com/spec/v1
oid sha256:a1604c10413e6939289adab4b215ba351d13142148e8c13ce3d5a3b8adb1426e
size 153
